DrawNo,DrawDate,DrawnNo1,DrawnNo2, DrawnNo3, DrawnNo4, DrawnNo5, DrawnNo6,BonusNo,Jackpot1, Jackpot2
467117,20171021,05,09,13,17,21,50,15,0453658764,0010000000
467217,20171022,08,15,18,25,35,44,02,0461604878,0010000000
467317,20171025,05,16,23,41,49,50,29,0469856968,0010000000
467417,20171028,25,27,30,33,35,50,11,0478082680,0010000000
467517,20171029,15,23,25,27,32,40,22,0485625666,0010232653
467617,20171031,02,03,10,27,31,49,07,0492224258,0011882301
467717,20171101,01,07,28,36,39,42,16,0499244832,0013637445
467817,20171104,13,26,29,30,46,48,36,0506876522,0014925483
467917,20171105,15,16,23,25,32,50,47,0514296968,0016102160
468017,20171107,13,16,34,40,48,50,19,0497036757,0017631391
468117,20171108,11,12,15,28,33,37,22,0504017313,0019376530
468217,20171111,14,19,21,31,36,42,25,0511852327,0010000000
468317,20171112,11,15,21,26,30,48,02,0519572237,0010000000
468417,20171115,13,21,26,39,42,45,08,0527134473,0010000000
468517,20171118,20,27,34,37,45,47,26,0534998857,0010000000
468617,20171119,04,08,09,10,20,32,38,0542509613,0010000000
468717,20171122,02,05,06,29,40,41,33,0550187129,0011087905
468817,20171125,19,26,32,37,42,49,25,0558231231,0013098931
468917,20171126,01,09,15,23,32,46,14,0565838765,0015000815
469017,20171128,03,13,18,32,44,45,20,0572087799,0016563074
469117,20171129,13,16,25,37,44,50,02,0578961523,0018281505
469217,20171202,10,11,12,35,45,50,04,0586832441,0010000000
469317,20171203,05,06,15,32,35,37,44,0594274645,0010000000
469417,20171205,06,24,32,34,43,44,15,0600342619,0010000000
469517,20171206,09,11,13,25,26,38,15,0607450269,0010000000
469617,20171209,09,10,14,28,32,35,23,0615278441,0010000000
469717,20171210,01,13,16,28,43,45,34,0622871719,0010977551
469817,20171213,03,05,15,26,29,35,46,0630422669,0012865289
469917,20171216,23,24,30,35,37,42,27,0638079329,0014411874
470017,20171217,06,12,32,37,38,50,20,0645450671,0016254710
470117,20171220,06,09,19,31,33,49,28,0653165763,0018183483
470217,20171223,02,18,22,25,31,37,03,0660991911,0020140020
470317,20171224,20,21,29,46,49,50,14,0668525217,0022023347
470417,20171226,01,02,09,33,35,46,20,0674823443,0023597904
470517,20171227,04,07,22,33,41,49,28,0681602875,0025292762
470617,20171230,01,22,39,44,46,49,11,0689309277,0027219363
470717,20171231,09,29,37,41,42,43,28,0697321567,0029222436
470818,20180103,03,08,12,40,42,47,06,0705034987,0031150791
470918,20180106,01,27,39,40,41,43,14,0713046177,0033153589
471018,20180107,10,11,24,33,42,45,17,0720755417,0035080899
471118,20180110,28,29,30,34,42,48,07,0728220501,0036947170
471218,20180113,08,22,27,31,33,50,37,0735931875,0038875014
471318,20180114,07,12,26,30,33,35,15,0743509731,0040769478
471418,20180116,01,03,23,27,28,42,18,0749559291,0042281868
471518,20180117,03,08,11,27,29,37,20,0756685751,0044063483
471618,20180120,06,16,17,21,26,38,37,0765052527,0046155177
471718,20180121,04,07,17,33,38,43,41,0772915327,0048120877
471818,20180124,05,16,31,36,43,46,28,0780487903,0050014021
471918,20180127,17,23,28,35,48,49,21,0788400885,0051992267
472018,20180128,09,15,21,23,40,44,20,0125740282,0053705138
472118,20180130,10,12,22,23,32,48,44,0130973356,0055013407
472218,20180131,22,25,28,31,39,41,37,0136718436,0056449677
472318,20180203,12,20,23,33,37,41,21,0142978382,0055448769
472418,20180204,07,10,16,18,29,39,50,0149309498,0054511148
472518,20180206,04,21,26,38,42,47,11,0154366396,0055775373
472618,20180207,14,27,29,37,46,47,09,0160129978,0057216269
472718,20180210,01,06,09,17,20,23,03,0166610078,0058836294
472818,20180211,02,18,23,26,31,36,22,0173049280,0060446095
472918,20180213,12,17,30,32,46,49,09,0178515246,0061812587
473018,20180214,11,13,27,28,38,42,05,0185055472,0063447644
473118,20180217,02,03,30,34,37,49,09,0192150450,0065221389
473218,20180218,29,33,36,46,47,50,04,0199222526,0066989408
473318,20180220,08,21,24,34,37,49,42,0205260294,0065453875
473418,20180221,02,10,12,16,40,44,42,0211825270,0067095119
473518,20180224,01,10,30,39,45,47,13,0218757580,0068828197
473618,20180225,10,13,23,37,41,45,33,0225485224,0070510108
473718,20180227,27,29,32,43,46,48,17,0230917376,0071868146
473818,20180228,13,22,24,29,31,49,26,0237197342,0073438138
473918,20180303,25,26,27,31,39,42,02,0244179262,0075183618
474018,20180304,22,26,32,41,43,48,30,0251008568,0076890945
474118,20180306,06,13,16,32,34,45,02,0256142906,0078174530
474218,20180307,04,13,16,21,39,49,19,0261845174,0079600097
474318,20180310,14,22,23,27,32,46,18,0268277336,0081208138
474418,20180311,17,19,21,24,25,27,23,0274644312,0082799882
474518,20180314,15,17,33,36,38,44,47,0280599580,0010000000
474618,20180317,06,07,25,31,47,49,35,0286530208,0010000000
474718,20180318,13,27,29,39,46,47,03,0292191644,0010000000
474818,20180321,03,07,15,16,48,49,50,0297939606,0010000000
474918,20180324,14,17,29,35,39,44,06,0303839236,0010000000
475018,20180325,11,20,21,38,40,49,01,0309540426,0010000000
475118,20180328,07,10,17,21,29,33,04,0315245774,0010150367
475218,20180331,08,09,10,11,34,47,36,0321108532,0011616057
475318,20180401,12,17,21,26,33,37,22,0326757538,0013028309
475418,20180403,02,09,21,24,36,46,15,0331408426,0014191031
475518,20180404,08,18,25,46,47,49,28,0336531280,0015471745
475618,20180407,09,24,29,35,36,42,49,0342388692,0016936098
475718,20180408,06,21,22,24,34,36,17,0348094480,0018362545
475818,20180411,09,17,22,29,35,50,48,0353881118,0019809205
475918,20180414,11,15,32,35,48,49,03,0359840588,0021299073
476018,20180415,17,28,34,36,39,40,37,0365611540,0022741811
476118,20180418,06,12,24,33,34,50,42,0124186840,0024066321
476218,20180421,01,06,17,22,33,43,44,0129536514,0025403740
476318,20180422,23,28,31,40,42,43,37,0134627886,0026676583
476418,20180425,01,20,22,30,31,33,17,0139603648,0027920524
476518,20180428,06,15,31,38,40,49,02,0144719154,0029199401
476618,20180429,09,26,30,36,43,44,11,0149595278,0030418432
476718,20180501,02,12,18,29,38,47,03,0123112602,0031474383
476818,20180502,01,02,05,11,23,24,43,0127414900,0032549958
476918,20180505,05,08,15,32,42,45,34,0132283192,0033767031
477018,20180506,03,22,23,29,45,47,02,0137042650,0034956896
477118,20180509,01,07,08,33,36,50,05,0142070486,0036213855
477218,20180512,05,12,16,25,35,36,22,0146728832,0037378442
477318,20180513,13,15,26,30,41,48,50,0151318142,0038525770
477418,20180516,06,14,22,23,31,32,09,0155920718,0039676414
477518,20180519,06,21,23,40,41,43,44,0160532842,0040829445
477618,20180520,08,21,36,37,42,43,48,0165075556,0041965124
477718,20180523,11,13,18,41,49,50,16,0169572576,0043089379
477818,20180526,24,31,36,41,43,50,13,0174146398,0010000000
477918,20180527,14,15,17,19,20,23,41,0178640888,0010000000
478018,20180530,17,38,43,45,47,49,23,0183141186,0010000000
478118,20180602,13,22,25,37,39,45,07,0187754344,0010000000
478218,20180603,02,15,16,18,21,36,35,0192240716,0010000000
478318,20180606,14,26,35,40,41,42,48,0196772650,0010000000
478418,20180609,06,08,17,18,40,41,30,0201501044,0010000000
478518,20180610,19,21,22,26,33,41,40,0206063756,0010000000
478618,20180613,01,05,20,24,34,45,31,0210648534,0010268993
478718,20180616,08,10,31,32,33,48,38,0215399302,0010000000
478818,20180617,02,10,15,16,31,47,28,0219857030,0010000000
478918,20180620,01,14,27,42,44,48,38,0224300502,0010000000
479018,20180623,03,24,41,45,46,47,27,0228748418,0010000000
479118,20180624,20,28,29,33,36,38,02,0233183442,0010000000
479218,20180626,04,11,17,18,25,39,46,0236665426,0010000000
479318,20180627,05,14,20,33,36,49,38,0240616472,0010000000
479418,20180630,06,08,15,19,31,48,38,0245026218,0010000000
479518,20180701,07,26,30,37,44,49,06,0249403338,0010000000
479618,20180703,08,09,10,12,37,40,45,0252877424,0010557224
479718,20180704,03,08,14,30,32,42,02,0256787044,0011534629
479818,20180707,03,04,14,17,34,45,27,0261164274,0012628937
479918,20180708,09,12,13,18,35,47,21,0253586887,0013702367
480018,20180711,03,28,29,33,43,45,32,0257880077,0014775665
480118,20180714,01,17,32,35,43,45,41,0262337497,0015890020
480218,20180715,03,26,27,29,37,39,12,0266654535,0016969280
480318,20180718,12,20,28,38,40,43,01,0270998611,0018055299
480418,20180721,03,04,14,24,31,38,35,0275534417,0019189251
480518,20180722,02,04,07,18,35,36,40,0280023671,0020311565
480618,20180725,05,10,31,36,38,42,03,0284393289,0021403970
480718,20180728,02,06,09,11,29,43,14,0288859795,0022520597
480818,20180729,03,06,34,38,43,50,14,0293304367,0023631740
480918,20180731,09,11,17,26,30,44,46,0288550392,0020487108
481018,20180801,01,02,03,08,15,33,31,0292647848,0021511472
481118,20180804,14,20,25,26,31,46,04,0297262458,0022665125
481218,20180805,08,18,19,20,30,50,39,0301762470,0023790128
481318,20180807,07,08,16,36,46,48,13,0305283988,0024670508
481418,20180808,15,18,22,37,41,50,12,0309365604,0025690912
481518,20180811,01,03,15,25,29,38,14,0313886186,0026821058
481618,20180812,09,23,24,27,32,46,47,0318349854,0027936975
481718,20180815,05,12,13,20,31,39,23,0322667904,0029016488
481818,20180818,04,26,35,37,39,42,31,0327155134,0030138296
481918,20180819,03,04,08,15,25,50,18,0331647094,0031261286
482018,20180822,07,12,17,29,34,44,36,0336368734,0032441696
482118,20180825,13,16,22,30,35,46,38,0341067780,0033616458
482218,20180826,04,15,19,21,26,44,07,0345623606,0034755415
482318,20180828,04,05,17,29,37,40,10,0349320288,0035679586
482418,20180829,09,15,20,32,35,46,10,0353345100,0036685789
482518,20180901,02,13,18,20,26,32,07,0357848214,0037811568
482618,20180902,05,13,14,33,36,50,26,0362266562,0038916155
482718,20180904,02,08,19,39,40,49,12,0365850582,0010000000
482818,20180905,07,20,21,30,32,49,06,0369802618,0010000000
482918,20180908,11,13,27,34,42,49,35,0374270444,0010000000
483018,20180909,01,11,19,33,37,48,50,0378784778,0010000000
483118,20180912,13,14,16,25,29,32,21,0383195580,0010000000
483218,20180915,01,08,10,32,43,47,15,0387675440,0010000000
483318,20180916,03,08,18,30,43,49,23,0392111344,0010000000
483418,20180919,09,10,12,25,33,46,21,0396473900,0010000000
483518,20180922,02,13,18,20,33,36,38,0401166874,0010000000
483618,20180923,03,13,33,35,48,50,08,0405818554,0010000000
483718,20180925,10,13,23,36,39,50,25,0409516050,0010000000
483818,20180926,09,13,26,34,42,45,07,0413628994,0010000000
483918,20180929,02,12,16,21,26,44,32,0418405722,0010000000
484018,20180930,01,08,17,19,25,50,06,0423174002,0010000000
484118,20181002,04,06,28,35,40,46,08,0426918116,0010000000
484218,20181003,03,04,08,10,24,33,28,0431225870,0010000000
484318,20181006,06,14,18,42,48,49,47,0436095108,0010000000
484418,20181007,09,22,24,38,41,47,31,0440938210,0010000000
484518,20181010,06,13,19,29,36,45,34,0445586590,0010000000
484618,20181013,14,23,27,32,35,38,16,0450360942,0010000000
484718,20181014,07,17,23,36,38,41,30,0455123700,0010000000
484818,20181017,10,12,23,27,28,47,33,0459908502,0010000000
484918,20181020,27,38,39,40,47,50,48,0464794020,0010405008
485018,20181021,04,26,35,42,46,50,01,0469603264,0011607319
485118,20181024,04,17,37,41,44,49,25,0474471072,0012824271
485218,20181027,11,13,23,24,42,45,20,0479331488,0014039375
485318,20181028,18,23,24,30,36,42,38,0484144824,0015242709
485418,20181030,23,28,32,36,39,42,40,0488044456,0016217617
485518,20181031,04,08,11,21,26,38,40,0492469030,0016586596
485618,20181103,04,13,22,28,36,40,35,0497345946,0017805825
485718,20181104,05,16,19,30,36,39,33,0502300742,0019044524
485818,20181106,12,16,18,21,22,46,28,0506490884,0020092060
485918,20181107,08,18,23,44,46,48,16,0510922806,0021200041
486018,20181110,21,26,29,40,47,48,49,0515922746,0022450026
486118,20181111,02,10,12,20,28,36,03,0520824764,0023675531
486218,20181114,03,16,31,36,44,46,04,0525742908,0024228622
486318,20181117,05,08,17,22,34,50,13,0530735874,0025476864
486418,20181118,05,15,22,29,32,43,09,0535671882,0026710866
486518,20181121,06,08,23,31,32,38,15,0540565716,0027934325
486618,20181124,15,16,24,37,41,47,17,0545555580,0029181791
486718,20181125,02,14,19,25,27,42,16,0550410408,0010000000
486818,20181127,05,19,20,25,34,43,17,0554237418,0010000000
486918,20181128,06,11,18,19,25,39,08,0558557074,0010000000
487018,20181201,12,14,22,32,40,47,41,0563370520,0010000000
487118,20181202,01,05,16,29,40,47,07,0568109518,0010000000
487218,20181204,02,19,23,25,38,45,41,0571958352,0010000000
487318,20181205,01,07,21,22,38,45,05,0576266920,0010000000
487418,20181208,15,36,38,41,42,50,49,0581130966,0010000000
487518,20181209,11,23,30,33,37,49,42,0585734290,0010000000
487618,20181212,15,27,38,42,44,48,12,0590439430,0010000000
487718,20181215,02,09,17,47,48,49,12,0595272522,0010000000
487818,20181216,04,12,13,18,24,47,08,0600096308,0010000000
487918,20181219,05,09,20,22,33,42,21,0605371864,0010000000
488018,20181222,06,10,20,22,23,48,19,0610419500,0010000000
488118,20181223,01,23,30,36,38,47,15,0615276704,0010000000
488218,20181225,20,28,38,40,49,50,45,0619507656,0010000000
488318,20181226,21,25,27,35,38,46,10,0623860950,0010000000
488418,20181229,12,20,22,27,39,42,07,0628802062,0010000000
488518,20181230,01,02,03,07,30,49,13,0634104986,0010000000
488619,20190102,26,32,35,38,45,50,46,0639360236,0010000000
488719,20190105,01,10,14,31,41,48,33,0644447208,0010000000
488819,20190106,01,06,10,41,44,49,26,0649456696,0011021209
488919,20190109,04,06,14,22,34,44,24,0654562390,0012297633
489019,20190112,01,17,18,27,48,49,09,0659660758,0010000000
489119,20190113,04,05,08,14,17,48,50,0664502694,0010000000
489219,20190116,13,14,17,18,22,42,45,0669284196,0010000000
489319,20190119,10,12,16,17,22,35,38,0674312054,0010000000
489419,20190120,02,04,14,19,35,40,03,0679282074,0010000000
489519,20190123,03,21,24,26,31,40,50,0684475900,0010000000
489619,20190126,01,06,16,32,42,50,05,0689621018,0010000000
489719,20190127,08,13,14,19,27,42,11,0694815988,0010000000
489819,20190129,06,17,24,39,42,47,26,0699104316,0010000000
489919,20190130,02,17,20,32,35,39,38,0704118710,0010000000
490019,20190202,06,07,18,19,34,37,17,0710143388,0011410177
490119,20190203,01,31,37,39,46,48,27,0716227378,0012931175
490219,20190205,05,12,14,24,33,45,03,0722054122,0014387861
490319,20190206,02,13,14,24,30,34,11,0728327356,0015956170
490419,20190209,10,12,14,17,22,42,36,0734829390,0017581679
490519,20190210,05,11,18,20,21,31,40,0741119982,0019154327
490619,20190213,03,22,26,34,44,50,39,0124023424,0020437983
490719,20190216,01,08,18,31,35,42,07,0128755954,0010000000
490819,20190217,13,14,15,34,44,48,35,0133298052,0010000000
490919,20190219,04,20,35,36,38,45,10,0137000432,0010000000
491019,20190220,02,06,19,20,33,35,45,0140986678,0010000000
491119,20190223,02,10,24,27,35,37,09,0145629624,0010000000
491219,20190224,13,26,31,34,40,45,28,0149997460,0010000000
491319,20190227,08,13,24,28,40,41,25,0154343296,0010000000
491419,20190302,07,22,25,26,41,48,02,0158884712,0010000000
491519,20190303,04,12,26,27,40,47,36,0163377090,0010000000
491619,20190306,03,06,14,22,23,47,10,0167659258,0010000000
491719,20190309,32,34,42,43,44,50,38,0172041966,0010000000
491819,20190310,05,15,27,29,34,43,36,0176316764,0010000000
491919,20190313,07,13,17,30,38,43,33,0180528686,0010000000
492019,20190316,12,18,22,28,32,44,29,0184834174,0010000000
492119,20190317,03,10,16,17,35,39,08,0189071748,0010000000
492219,20190320,03,08,09,28,47,49,32,0193209222,0010000000
492319,20190323,01,14,16,34,42,43,19,0197453506,0010000000
492419,20190324,01,12,30,31,33,49,26,0201564118,0010000000
492519,20190327,04,05,11,13,26,50,44,0205683574,0010576623
492619,20190330,19,23,24,37,40,49,45,0210045382,0011667075
492719,20190331,05,15,19,24,38,49,45,0214307442,0010000000
492819,20190402,06,26,30,31,35,48,11,0217672518,0010000000
492919,20190403,06,09,19,24,47,50,49,0221481158,0010000000
493019,20190406,04,30,40,41,45,49,02,0225725156,0010000000
493119,20190407,04,08,14,24,38,40,29,0229920336,0010000000
493219,20190410,13,21,36,38,43,50,09,0234076532,0010000000
493319,20190413,02,13,31,44,48,49,35,0238303172,0010000000
493419,20190414,16,31,34,35,47,48,18,0242532562,0010000000
493519,20190417,13,16,19,24,32,35,39,0246707590,0010000000
493619,20190420,03,09,14,31,35,47,27,0250993828,0010000000
493719,20190421,04,28,36,41,45,47,19,0255304882,0010860327
493819,20190424,05,15,34,35,44,45,24,0259523448,0011914969
493919,20190427,07,08,13,19,31,43,48,0263885036,0012664936
494019,20190428,02,04,16,34,35,50,41,0268101710,0013719105
494119,20190501,01,06,34,39,40,47,31,0272602052,0014844191
494219,20190504,05,16,22,27,28,41,04,0277010390,0015946276
494319,20190505,16,17,20,27,39,40,05,0281305934,0017020162
494419,20190508,03,05,19,25,33,38,39,0285558820,0018083384
494519,20190511,09,12,22,25,32,46,26,0289883580,0019164574
494619,20190512,04,07,21,24,25,45,08,0294200706,0020243856
494719,20190515,01,24,31,44,46,49,22,0298308942,0010000000
494819,20190518,17,22,28,36,38,49,37,0302514330,0010000000
494919,20190519,05,11,16,25,34,45,38,0306711996,0010000000
495019,20190522,02,05,06,11,28,47,01,0296944997,0010000000
495119,20190525,07,16,18,19,31,38,05,0301255809,0010000000
495219,20190526,03,14,25,38,46,49,21,0305641399,0010000000
495319,20190529,06,08,11,13,32,43,28,0309813611,0010000000
495419,20190601,16,18,23,24,29,44,40,0314160349,0010000000
495519,20190602,02,13,16,20,37,45,28,0318421221,0010000000
495619,20190605,09,22,26,31,33,38,07,0322898793,0010659887
495719,20190608,13,25,26,31,32,39,41,0327344949,0011771426
495819,20190609,13,17,21,22,30,40,20,0331699343,0012860025
495919,20190612,05,18,20,27,36,39,06,0336009847,0013937651
496019,20190615,22,27,31,33,42,49,34,0340365737,0015026624
496119,20190616,09,18,22,24,35,50,34,0344724817,0016116394
496219,20190618,03,04,19,24,34,47,12,0348109693,0016962613
496319,20190619,07,12,16,17,31,44,40,0352027695,0017942114
496419,20190622,01,07,22,28,29,42,10,0356301635,0019010599
496519,20190623,02,10,29,30,43,50,49,0360566027,0020076697
496619,20190626,14,15,19,40,42,43,12,0364819221,0021139996
496719,20190629,02,07,19,33,41,44,25,0369201709,0022235618
496819,20190630,02,12,27,31,45,46,50,0373469159,0023302481
496919,20190703,03,13,20,24,27,49,19,0122784890,0024276504
497019,20190706,11,12,24,25,43,48,40,0126680474,0025250400
497119,20190707,14,16,24,31,35,45,34,0130590468,0026227899
497219,20190710,05,11,14,19,34,37,15,0134420536,0027185416
497319,20190713,10,16,30,42,43,46,12,0138344478,0028166402
497419,20190714,01,20,32,40,41,44,34,0142217424,0029134639
497519,20190717,09,13,34,35,39,46,40,0146016538,0030084418
497619,20190720,05,07,15,24,27,41,46,0150012794,0031083482
497719,20190721,04,20,30,46,48,50,14,0153842444,0032040895
497819,20190724,14,18,28,30,43,46,08,0157629370,0032987627
497919,20190727,04,08,18,23,48,50,19,0161558768,0033969977
498019,20190728,06,12,21,34,36,43,13,0165432396,0010000000
498119,20190730,07,13,17,24,29,31,19,0168683908,0010000000
498219,20190731,01,18,19,24,37,49,10,0172292568,0010000000
498319,20190803,01,05,20,21,34,46,24,0176157462,0010000000
498419,20190804,03,23,31,39,41,43,37,0179930638,0010000000
498519,20190807,05,08,16,27,34,48,04,0183704430,0010000000
498619,20190810,02,03,09,14,19,24,44,0187596736,0010000000
498719,20190811,02,11,19,23,36,39,13,0191292758,0010000000
498819,20190814,08,23,31,32,45,50,06,0194953360,0010000000
498919,20190817,09,17,20,21,41,47,24,0198797596,0010000000
499019,20190818,01,02,05,11,24,31,20,0202545758,0010246750
499119,20190820,22,29,32,38,39,43,26,0205442982,0010971056
499219,20190821,02,04,17,19,43,44,46,0208913724,0011838742
499319,20190824,10,11,30,34,42,48,31,0212849590,0012822709
499419,20190825,07,13,33,34,36,48,03,0216772190,0013803359
499519,20190828,05,18,33,36,38,40,26,0220714832,0014789020
499619,20190831,06,08,14,18,20,40,10,0224951812,0015425720
499719,20190901,03,06,21,37,45,49,41,0229058750,0016452455
499819,20190904,11,16,18,22,33,48,23,0233099358,0017462607
499919,20190907,17,19,27,37,47,48,11,0237233972,0018496261
500019,20190908,12,23,27,32,33,39,09,0241275394,0019506617
500119,20190910,01,04,05,14,31,43,19,0244393630,0020286176
500219,20190911,20,27,30,36,43,50,22,0247963790,0021178716
500319,20190914,06,17,26,27,30,31,35,0251944426,0022173875
500419,20190915,02,12,24,35,47,50,07,0255831826,0023145725
500519,20190918,03,10,18,21,24,49,35,0259692166,0024110810
500619,20190921,24,33,34,35,37,43,47,0263739704,0025122695
500719,20190922,02,09,19,26,41,43,07,0267742846,0026123481
500819,20190925,05,08,09,12,44,50,17,0271655854,0027101733
500919,20190928,07,11,18,27,30,34,23,0275744092,0010000000
501019,20190929,02,11,25,36,44,48,50,0279690408,0010000000
501119,20191001,05,10,25,26,30,43,19,0282865998,0010000000
501219,20191002,04,16,23,28,35,37,36,0286464516,0010000000
501319,20191005,07,09,19,20,31,36,40,0290503342,0010000000
501419,20191006,08,11,18,19,38,48,47,0294449768,0010000000
501519,20191009,09,13,20,40,43,46,06,0298298162,0010000000
501619,20191012,15,21,29,31,40,48,02,0302241046,0010000000
501719,20191013,08,21,29,35,44,47,18,0306190860,0010000000
501819,20191016,06,12,19,21,41,49,18,0310070274,0010000000
501919,20191019,03,12,15,23,26,27,32,0314087782,0010000000
502019,20191020,06,11,12,35,36,38,41,0318078164,0010000000
502119,20191023,15,16,37,41,45,47,09,0321959998,0010000000
502219,20191026,08,20,32,36,41,46,49,0326029822,0010000000
502319,20191027,09,15,22,31,35,46,49,0330038332,0010000000
502419,20191030,25,27,33,42,47,50,22,0333973230,0010000000
502519,20191102,05,10,21,33,34,43,41,0338069168,0010000000
502619,20191103,02,15,20,29,32,45,47,0342080912,0010000000
502719,20191105,06,14,30,38,43,48,22,0345274410,0010000000
502819,20191106,01,08,19,21,37,39,34,0348934792,0010000000
502919,20191109,22,32,40,41,45,49,13,0353064830,0010000000
503019,20191110,12,20,23,32,44,48,15,0357120882,0010000000
503119,20191113,03,08,27,41,43,44,19,0361153174,0010000000
503219,20191116,05,08,25,30,36,46,18,0365340368,0010000000
503319,20191117,01,16,25,29,37,49,36,0369493000,0010000000
503419,20191120,06,13,18,37,39,41,34,0373492666,0010000000
503519,20191123,09,17,23,30,32,33,12,0377657046,0010000000
503619,20191124,04,06,19,24,29,34,12,0381838784,0010000000
503719,20191127,03,21,26,32,37,41,18,0386054974,0010000000
503819,20191130,02,11,13,29,30,40,16,0390425362,0010000000
503919,20191201,09,11,18,24,28,32,41,0394663178,0010000000
504019,20191203,15,17,20,29,30,45,18,0398157658,0010000000
504119,20191204,14,19,32,39,42,47,16,0368859401,0010943868
504219,20191207,14,16,19,20,36,46,24,0373175053,0012022781
504319,20191208,05,07,09,23,33,38,15,0377407303,0013080844
504419,20191211,08,17,20,35,38,41,46,0381643865,0014139985
504519,20191214,01,03,05,27,31,39,30,0385829277,0015186338
504619,20191215,01,26,28,32,38,41,34,0389898595,0016203668
504719,20191218,03,06,29,31,36,46,34,0394069729,0017246452
504819,20191221,07,25,27,33,45,50,06,0398375899,0018322995
504919,20191222,04,05,07,24,38,49,48,0402683433,0019399879
505019,20191225,08,11,25,28,39,48,37,0407229315,0010000000
505119,20191228,05,10,14,17,28,37,23,0411742021,0010000000
505219,20191229,08,15,33,38,44,49,31,0416197065,0010000000
505320,20200101,23,27,36,37,38,49,29,0421215969,0010000000
505420,20200104,03,05,12,27,38,48,28,0425894709,0010000000
505520,20200105,01,27,28,35,45,47,07,0430484239,0010000000
505620,20200108,05,10,14,34,36,48,12,0434995515,0010000000
505720,20200111,05,11,30,37,41,50,13,0439626559,0010000000
505820,20200112,02,07,08,17,28,39,11,0444212833,0010000000
505920,20200115,05,07,15,24,47,50,43,0449009559,0010000000
506020,20200118,05,11,30,40,44,46,12,0454081879,0010000000
506120,20200119,02,03,29,32,36,44,17,0459081489,0010000000
506220,20200121,10,19,26,42,43,49,30,0463158881,0010000000
506320,20200122,04,06,16,35,41,49,19,0467978795,0010000000
506420,20200125,01,12,13,29,34,44,30,0473984399,0010000000
506520,20200126,12,23,33,36,47,50,02,0479754163,0010000000
506620,20200128,05,14,30,42,49,50,32,0484341361,0010000000
506720,20200129,12,18,19,20,26,46,49,0489265291,0010000000
506820,20200201,10,12,13,17,29,34,42,0494575101,0010000000
506920,20200202,06,08,19,37,38,43,39,0499819703,0010000000
507020,20200204,19,25,34,35,47,48,40,0504033033,0010000000
507120,20200205,18,31,35,44,48,49,36,0508675517,0010000000
507220,20200208,06,14,20,42,44,46,22,0514139437,0010000000
507320,20200209,11,14,16,18,34,37,49,0519461149,0010000000
507420,20200212,18,31,35,39,47,50,15,0524915587,0010000000
507520,20200215,02,07,11,15,16,25,30,0530154381,0010000000
507620,20200216,03,08,28,33,34,35,38,0535353069,0010000000
507720,20200219,26,39,40,41,44,45,33,0540499111,0010000000
507820,20200222,09,11,18,28,32,33,24,0545927985,0010000000
507920,20200223,01,02,15,18,25,36,04,0551246595,0010000000
508020,20200226,01,02,09,10,25,36,27,0556262243,0010000000
508120,20200229,02,14,18,19,21,42,05,0561746799,0010000000
508220,20200301,01,22,24,36,39,50,20,0567191601,0010000000
508320,20200304,15,16,19,26,32,36,27,0572620783,0010000000
508420,20200307,02,23,26,40,43,45,22,0577951053,0010000000
508520,20200308,17,24,27,28,31,43,49,0583356585,0010000000
508620,20200311,03,04,06,16,19,48,34,0588517521,0010647386
508720,20200314,03,12,35,38,43,48,19,0593813339,0011971341
508820,20200315,07,18,27,37,40,44,38,0599018803,0013272707
512920,20200617,16,32,38,42,45,49,40,0601539915,0013902985
513020,20200620,02,13,27,28,35,45,46,0604768107,0014710033
513120,20200621,03,10,13,29,33,48,38,0607966379,0015509601
513220,20200624,06,11,24,35,47,50,10,0611316561,0016347147
513320,20200627,12,22,25,33,37,44,35,0615204093,0017319030
513420,20200628,14,27,32,35,42,46,21,0619148385,0018305103
513520,20200701,03,04,05,11,39,42,38,0623281063,0019338273
513620,20200704,02,06,18,19,33,43,08,0627737405,0020452359
513720,20200705,14,27,30,32,41,46,15,0631954255,0021506572
513820,20200707,05,13,23,35,37,46,06,0635263671,0022333926
513920,20200708,15,18,22,24,38,48,44,0639145175,0023304302
514020,20200711,02,05,22,29,37,47,49,0643650225,0024430565
514120,20200712,14,19,35,38,39,50,12,0648078847,0025537721
514220,20200715,02,07,10,17,38,46,32,0652468177,0026635054
514320,20200718,04,11,14,28,30,42,29,0657017931,0027772493
514420,20200719,03,15,22,34,43,47,05,0661521353,0028898349
514520,20200722,03,04,08,10,11,27,42,0666220619,0030073166
514620,20200725,09,12,19,20,29,47,46,0122732882,0031034187
514720,20200726,10,12,19,22,39,40,49,0126278622,0031920622
514820,20200729,02,06,16,24,35,50,45,0129682088,0032771489
514920,20200801,02,06,17,20,26,29,07,0133201670,0033651385
515020,20200802,03,07,19,30,42,45,20,0136640534,0034511101
515120,20200805,08,14,34,35,37,44,06,0139980574,0035346111
515220,20200808,05,10,12,21,42,49,46,0143423860,0036206933
515320,20200809,14,25,30,44,48,50,28,0146806272,0037052536
515420,20200812,11,14,17,24,32,43,13,0150093534,0037874352
515520,20200815,08,14,15,16,28,33,07,0153555938,0038739953
515620,20200816,26,31,32,33,36,44,35,0156936678,0039585138
515720,20200819,05,10,18,22,40,44,19,0160298454,0040425582
515820,20200822,03,26,34,39,40,49,18,0163766138,0041292503
515920,20200823,05,07,11,23,31,37,29,0167155414,0042139822
516020,20200826,05,13,17,23,27,49,29,0170527552,0042982857
516120,20200829,07,11,14,21,27,45,19,0174057188,0043865266
516220,20200830,02,24,34,37,45,46,26,0177568190,0044743017
516320,20200901,10,17,26,29,33,39,46,0180343512,0045436848
516420,20200902,09,19,23,36,42,45,03,0183544138,0046237005
516520,20200905,12,14,17,42,43,49,35,0187030082,0047108491
516620,20200906,01,15,24,30,47,48,42,0190547046,0047987732
516720,20200909,07,08,21,40,45,48,06,0194025818,0048857425
516820,20200912,09,16,37,39,45,49,11,0197593778,0049749415
516920,20200913,08,09,10,11,14,27,18,0201220808,0050656173
517020,20200916,15,28,33,41,48,50,12,0204988242,0051598032
517120,20200919,02,18,23,36,47,48,34,0208675288,0052519794
517220,20200920,04,18,24,32,34,43,31,0212553536,0051102091
517320,20200923,08,16,32,39,44,47,24,0216043088,0051974479
517420,20200926,16,20,21,35,41,45,32,0219729430,0052896065
517520,20200927,09,19,20,35,40,46,22,0223397996,0053813207
517620,20200930,06,14,15,21,23,43,01,0227085702,0054735134
517720,20201003,06,09,18,29,30,32,47,0230882286,0055684280
517820,20201004,11,15,27,32,35,38,49,0234672798,0056631908
517920,20201007,03,07,13,29,35,42,39,0238252528,0057526841
518020,20201010,05,11,16,23,28,43,21,0241938518,0058448339
518120,20201011,08,13,15,27,33,41,29,0245536288,0059347782
518220,20201013,09,23,30,38,43,50,10,0248130220,0010000000
518320,20201014,01,09,17,34,43,44,29,0251028258,0010000000
518420,20201017,02,18,19,28,32,43,40,0121965192,0010000000
518520,20201018,01,16,34,36,41,50,20,0124993250,0010000000
518620,20201021,05,07,13,16,23,26,47,0127971324,0010000000
518720,20201024,02,07,33,34,48,50,40,0131087404,0010000000
518820,20201025,03,04,25,28,30,46,45,0134199986,0010000000
518920,20201028,06,12,19,23,39,42,02,0137264190,0010000000
519020,20201031,10,31,35,38,40,46,09,0140487960,0010000000
519120,20201101,04,05,23,27,31,47,21,0143680204,0010000000
519220,20201103,08,12,13,34,44,50,33,0146246284,0010000000
519320,20201104,06,15,22,30,37,45,46,0149236084,0010000000
519420,20201107,07,08,17,33,38,49,42,0152550956,0010000000
519520,20201108,09,16,41,44,45,46,18,0155904900,0010172470
519620,20201111,01,03,08,19,28,34,32,0159247624,0010545766
519720,20201114,05,10,13,14,27,46,18,0162698126,0011408392
519820,20201115,09,14,24,31,33,43,13,0166089866,0012256327
519920,20201118,01,02,11,12,15,34,30,0169427024,0013090617
520020,20201121,16,25,34,38,43,49,36,0172830248,0013941423
520120,20201122,08,18,27,38,43,44,39,0176249642,0014796272
520220,20201125,27,29,31,33,35,49,13,0179756442,0015672972
520320,20201128,01,03,11,32,33,36,09,0183378016,0016578366
520420,20201129,07,12,18,34,38,42,09,0187016068,0010000000
520520,20201201,01,17,22,27,34,36,10,0189840208,0010000000
520620,20201202,12,23,27,29,41,49,26,0193174506,0010000000
520720,20201205,09,15,20,26,30,39,42,0196809368,0010000000
520820,20201206,04,06,19,25,30,34,44,0200487020,0010000000
520920,20201209,01,18,19,32,45,49,12,0204156730,0010000000
521020,20201212,04,14,29,30,45,46,39,0207959474,0010000000
521120,20201213,22,26,31,38,43,50,28,0211837854,0010000000
521220,20201216,02,11,23,28,40,45,08,0215567492,0010000000
521320,20201219,04,11,17,21,22,45,09,0219381412,0010000000
521420,20201220,10,14,32,37,46,49,39,0223258076,0010000000
521520,20201223,10,25,30,31,34,37,36,0227047554,0010462837
521620,20201226,06,07,19,31,32,45,21,0230876874,0011420167
521720,20201227,04,09,25,30,43,44,24,0234737192,0012385247
521820,20201230,08,11,17,18,33,40,43,0238667272,0013367767
521921,20210102,01,19,33,41,43,49,34,0242666740,0014367634
522021,20210103,07,09,17,21,27,40,02,0246611142,0015353735
522121,20210106,03,11,18,31,35,45,25,0250542366,0016336541
522221,20210109,19,23,33,40,43,48,32,0254495634,0017324858
522321,20210110,01,04,18,31,46,49,36,0258435328,0018309782
522421,20210113,10,25,29,35,45,46,47,0260550078,0018838470
522521,20210116,08,31,32,35,37,49,04,0262115752,0019229889
522621,20210117,02,07,11,34,39,45,27,0263628340,0019608036
522721,20210120,02,06,24,35,40,44,28,0264862232,0019916509
522821,20210123,08,23,28,43,45,47,12,0265676672,0020120119
522921,20210124,03,05,13,19,24,26,01,0266449070,0020313219
523021,20210126,01,17,21,35,40,44,05,0266972120,0020443982
523121,20210127,09,22,27,34,39,40,33,0267533802,0020584403
523221,20210130,05,06,11,18,24,43,48,0268350706,0020788629
523321,20210131,03,09,15,17,31,47,23,0268916040,0020929963
523421,20210202,06,11,16,25,29,46,49,0269390888,0021048675
523521,20210203,12,15,20,21,36,50,39,0269913080,0021179223
523621,20210206,05,21,22,23,41,42,24,0270481098,0021321228
523721,20210207,02,16,20,36,40,50,10,0271086450,0021472566
523821,20210209,10,16,17,25,35,49,09,0271593220,0021599259
523921,20210210,20,29,34,44,47,49,43,0272242154,0021761493
524021,20210213,09,16,30,41,42,44,10,0273066736,0021967639
524121,20210214,01,07,10,16,17,47,45,0273972850,0022194168
524221,20210216,02,15,21,42,43,50,06,0276312418,0022779060
524321,20210217,18,25,32,34,40,46,04,0279341004,0023536207
524421,20210220,03,13,21,26,29,30,12,0282895038,0024424716
524521,20210221,04,09,16,29,30,50,43,0286497670,0025325374
524621,20210224,07,09,13,22,24,46,14,0289910486,0025027423
524721,20210227,07,09,14,16,29,36,42,0293575180,0025943597
524821,20210228,07,15,20,21,27,28,36,0297274744,0026868488
524921,20210302,04,10,11,13,34,49,12,0300003184,0027550598
525021,20210303,03,05,06,20,28,40,19,0303299576,0028374696
525121,20210306,22,26,33,40,43,49,31,0307030512,0010000000
525221,20210307,08,19,23,31,41,42,44,0310787254,0010000000
525321,20210310,05,25,29,31,44,45,09,0314481472,0010000000
525421,20210313,23,27,34,41,43,45,50,0318277110,0010000000
525521,20210314,09,18,36,39,43,45,48,0322099324,0010000000
525621,20210317,03,22,29,34,36,43,14,0325716498,0010000000
525721,20210320,04,14,24,28,32,43,17,0329523202,0010000000
525821,20210321,16,17,21,23,33,40,24,0333267646,0010000000
525921,20210324,03,16,19,21,36,50,18,0337038028,0010000000
526021,20210327,08,19,30,33,35,38,07,0341005552,0010000000
526121,20210328,09,12,15,35,44,45,02,0345035380,0010000000
526221,20210330,13,17,21,36,37,49,09,0348018250,0010000000
526321,20210331,01,03,22,40,44,45,27,0351604536,0010000000
526421,20210403,11,13,15,16,17,21,32,0355929494,0010000000
526521,20210404,02,03,04,19,38,41,46,0360329076,0010000000
526621,20210406,10,19,28,38,41,47,13,0363478794,0010000000
526721,20210407,06,09,22,24,43,46,41,0367250782,0010000000
526821,20210410,09,17,37,40,44,49,22,0371413952,0010000000
526921,20210411,11,17,25,30,47,49,48,0375580180,0010000000
527021,20210414,07,41,44,46,48,49,09,0379548254,0010000000
527121,20210417,04,27,43,45,46,50,38,0383611918,0010000000
527221,20210418,22,28,31,33,43,44,37,0387663922,0010000000
527321,20210421,04,07,10,13,38,42,47,0391567074,0010000000
527421,20210424,01,07,15,24,32,50,10,0395735106,0010000000
527521,20210425,24,30,31,38,42,48,39,0399807394,0010000000
527621,20210428,08,10,12,16,22,50,47,0403746890,0010000000
527721,20210501,20,21,30,37,42,47,10,0407825558,0010000000
527821,20210502,05,08,12,13,18,20,01,0411776032,0010000000
527921,20210505,05,18,20,29,33,42,10,0415586938,0010471818
528021,20210508,02,10,31,40,45,49,09,0419645344,0011486420
528121,20210509,06,15,17,41,45,46,01,0423592496,0012473208
528221,20210512,01,04,15,29,33,39,30,0427602128,0013475616
528321,20210515,19,27,34,35,42,49,17,0431560346,0013852641
528421,20210516,18,20,23,37,41,42,50,0435529322,0014844885
528521,20210519,05,19,24,25,42,43,28,0439275702,0015781480
528621,20210522,01,03,09,10,17,49,44,0443172078,0016755574
528721,20210523,02,09,17,34,35,41,27,0446996778,0017711749
528821,20210525,03,22,34,38,45,48,17,0449878492,0017926128
528921,20210526,10,11,21,31,36,50,18,0453322042,0018787016
529021,20210529,06,10,11,17,18,36,12,0456949468,0019693873
529121,20210530,18,27,38,40,45,50,21,0460767150,0020648294
534421,20210915,03,22,35,37,42,48,34,0463211966,0021259498
534521,20210918,13,18,19,20,24,27,45,0465928482,0021938627
534621,20210919,08,22,38,43,44,45,24,0468711570,0022634399
534721,20210922,19,27,40,41,46,50,35,0471610092,0023359030
534821,20210925,15,25,30,32,47,49,16,0474692776,0024129701
534921,20210926,01,18,19,24,40,42,05,0477734342,0024890093
535021,20210928,09,23,29,32,43,45,34,0480025312,0025462836
535121,20210929,02,07,10,15,26,32,29,0482843160,0026167298
535221,20211002,11,13,24,25,26,34,38,0486203572,0027007401
535321,20211003,02,14,17,20,22,31,29,0489619666,0027861425
535421,20211005,04,07,08,20,34,38,50,0492228844,0028513720
535521,20211006,14,34,39,42,46,48,43,0495411518,0029309389
535621,20211009,05,12,24,35,43,50,20,0499057380,0030220855
535721,20211010,07,24,25,34,43,44,19,0502808094,0010000000
535821,20211013,06,15,28,30,31,41,19,0506331900,0010000000
535921,20211016,01,04,20,26,34,38,43,0509996220,0010000000
536021,20211017,06,11,14,20,26,32,03,0513719170,0010000000
536121,20211020,04,11,15,18,35,36,09,0517253954,0010000000
536221,20211023,10,17,23,28,29,43,49,0521113634,0010000000
536321,20211024,16,27,31,33,45,47,08,0525007348,0010000000
536421,20211026,01,24,26,29,43,44,04,0527957328,0010000000
536521,20211027,14,18,25,26,41,49,31,0516378115,0010000000
536621,20211030,19,21,37,41,45,49,09,0520250599,0010000000
536721,20211031,02,03,26,29,37,45,13,0524158547,0010000000
536821,20211102,09,16,17,33,42,47,01,0527094403,0010000000
536921,20211103,03,16,18,19,38,50,45,0530769173,0010000000
537021,20211106,07,08,09,15,16,22,10,0534841109,0010000000
537121,20211107,17,19,21,41,43,49,09,0538887789,0010000000
537221,20211110,02,13,17,24,42,46,16,0542836393,0010000000
537321,20211113,09,26,37,44,47,50,40,0546899573,0010000000
537421,20211114,14,17,22,24,32,48,30,0550949377,0010000000
537521,20211117,03,12,21,24,33,36,34,0554766641,0010000000
537621,20211120,15,18,29,34,35,43,02,0558958961,0010000000
537721,20211121,06,11,21,28,30,32,36,0562992507,0010000000
537821,20211124,04,13,18,32,33,43,37,0566842815,0010000000
537921,20211127,01,07,10,11,30,46,45,0570884413,0010000000
538021,20211128,02,19,20,37,39,41,43,0574934063,0010023240
538121,20211130,11,16,19,23,26,42,10,0578058547,0010804361
538221,20211201,02,10,17,19,32,45,25,0581681287,0010000000
538321,20211204,03,18,39,40,41,47,01,0585833919,0010000000
538421,20211205,09,11,19,26,44,48,38,0589967455,0010000000
538521,20211207,07,11,18,28,42,50,40,0593023167,0010000000
538621,20211208,03,12,25,36,45,46,19,0596678533,0010000000
538721,20211211,03,05,18,23,26,43,06,0583623226,0010000000
538821,20211212,30,31,38,43,46,47,10,0587674460,0010000000
538921,20211215,02,13,24,27,46,50,30,0591601086,0010000000
539021,20211218,08,18,20,21,31,32,22,0595479312,0010000000
539121,20211219,01,22,30,31,38,48,26,0599435308,0010000000
539221,20211222,15,18,22,29,31,48,39,0603412930,0010314872
539321,20211225,01,15,22,26,27,44,33,0607676266,0011380706
539421,20211226,17,27,35,38,39,47,03,0611869334,0012428973
539521,20211228,10,12,15,31,36,37,39,0615560384,0013351736
539621,20211229,08,18,36,37,48,49,41,0619769490,0014404013
539722,20220101,04,20,21,36,42,49,34,0624380822,0015556846
539822,20220102,02,12,20,25,39,43,26,0628792064,0016659657
539922,20220105,09,10,11,24,36,46,18,0633161462,0010000000
540022,20220108,01,03,21,25,26,28,16,0637710710,0010000000
540122,20220109,06,28,31,35,40,42,15,0642321448,0010000000
540222,20220112,07,20,26,31,36,47,49,0646835540,0010000000
540322,20220115,09,31,38,40,41,49,42,0651300968,0010000000
540422,20220116,03,10,24,45,47,49,26,0655911354,0010000000
540522,20220119,02,10,27,33,38,49,50,0660344772,0010000000
540622,20220122,01,03,30,37,39,42,45,0665066456,0010000000
540722,20220123,07,09,15,18,25,34,29,0669745460,0010000000
540822,20220125,14,24,26,28,41,50,34,0673459478,0010690661
540922,20220126,03,09,24,25,30,50,39,0677849292,0011788115
541022,20220129,33,34,35,43,45,46,07,0682838408,0013035394
541122,20220130,04,20,22,30,42,47,06,0688190040,0014000862
541222,20220202,05,06,26,30,32,34,40,0694004156,0015454391
541322,20220205,06,24,27,31,47,50,20,0699640732,0016863535
541422,20220206,08,09,24,38,45,49,21,0705265978,0018269847
541522,20220208,12,13,14,29,44,45,26,0709728700,0019385528
541622,20220209,03,11,30,34,35,42,06,0714770528,0020645985
541722,20220212,03,06,18,22,23,29,43,0720520800,0022083553
541822,20220213,20,23,27,35,47,49,10,0726478378,0023572948
541922,20220215,03,04,12,19,38,49,11,0731127022,0024735109
542022,20220216,01,03,06,09,31,36,24,0736451946,0025359620
542122,20220219,01,16,18,21,33,41,20,0742101634,0025619332
542222,20220220,29,35,36,37,39,50,22,0747804166,0027044965
542322,20220223,11,29,32,43,45,48,15,0753357912,0028433402
542422,20220226,12,18,21,30,42,50,44,0759260248,0029908986
542522,20220227,08,10,19,31,37,45,48,0765169646,0031386336
542622,20220302,01,06,13,16,44,45,22,0770909006,0032821176
542722,20220305,06,18,26,36,37,43,47,0776858796,0034308624
542822,20220306,07,14,21,23,36,46,42,0782854346,0010000000
542922,20220309,01,06,08,12,18,20,45,0788588448,0010000000
543022,20220312,12,19,24,34,35,47,13,0794607208,0010000000
543122,20220313,23,26,36,37,39,48,44,0800743382,0010000000
543222,20220316,05,25,29,30,32,42,07,0810311710,0010000000
543322,20220319,12,15,21,46,48,49,32,0819064608,0010000000
543422,20220320,03,09,17,23,33,45,35,0828704216,0010000000
543522,20220323,01,02,05,19,27,44,26,0838918068,0010000000
543622,20220326,04,05,09,23,41,50,48,0849150048,0010000000
543722,20220327,06,19,23,27,44,49,15,0860255032,0010000000
543822,20220329,08,19,28,30,46,49,18,0869791988,0010000000
543922,20220330,11,17,23,36,38,44,25,0880983256,0010230582
544022,20220402,03,13,16,46,47,50,41,0899791628,0014932675
544122,20220403,20,25,33,37,39,47,40,0917377504,0017971624
544222,20220406,25,35,37,39,45,46,07,0126787240,0019946234
544322,20220409,14,30,31,34,38,46,03,0133283092,0021570197
544422,20220410,05,07,09,17,23,31,06,0139305042,0010000000
544522,20220413,02,04,08,16,18,26,12,0144600794,0010000000
544622,20220416,05,06,13,26,32,48,01,0149890254,0010000000
544722,20220417,10,16,23,26,27,40,38,0154993814,0010000000
544822,20220420,02,04,09,26,28,39,40,0159667032,0010000000
544922,20220423,02,22,33,34,35,50,28,0164536908,0010000000
545022,20220424,09,17,19,29,30,35,15,0169309434,0010000000
545122,20220427,02,18,19,34,37,44,01,0173941248,0010164541
545222,20220430,09,15,27,35,38,48,18,0178754188,0011367776
545322,20220501,06,08,24,29,32,47,14,0183551662,0012567145
545422,20220504,04,14,21,36,41,44,31,0188397910,0010000000
545522,20220507,13,16,34,40,48,50,01,0193156686,0010000000
545622,20220508,06,09,14,22,35,50,33,0197784672,0010000000
545722,20220511,01,03,07,13,14,45,20,0202279118,0010000000
545822,20220514,02,08,16,17,24,42,27,0206834548,0010000000
545922,20220515,01,05,23,26,43,45,39,0211434462,0010000000
546022,20220518,08,26,29,32,40,45,04,0215862138,0010000000
546122,20220521,01,18,23,24,38,44,39,0220408944,0010000000
546222,20220522,06,12,16,33,43,44,48,0224827666,0010000000
546322,20220525,01,20,24,28,32,35,38,0229086976,0010000000
546422,20220528,16,29,32,38,41,43,45,0233521406,0010000000
546522,20220529,14,15,25,28,38,40,30,0237901408,0010000000
546622,20220531,24,25,31,32,34,37,26,0241315346,0010000000
546722,20220601,05,13,31,33,38,47,32,0245211722,0010000000
546822,20220604,04,21,36,40,45,47,43,0249534216,0010000000
546922,20220605,01,14,23,28,41,50,24,0253789588,0010000000
547022,20220608,09,22,27,32,33,38,30,0257962350,0010000000
547122,20220611,05,07,24,28,29,31,41,0262250546,0010000000
547222,20220612,13,17,21,22,37,47,08,0266548752,0010000000
547322,20220614,06,11,18,24,36,39,25,0269617862,0010000000
547422,20220615,04,10,25,28,40,41,38,0273418604,0010000000
547522,20220618,05,06,18,42,45,50,47,0277502640,0010000000
547622,20220619,10,14,15,37,39,43,34,0281616772,0010928844
547722,20220622,05,07,08,27,37,47,22,0285847108,0011986428
547822,20220625,16,18,24,30,46,48,25,0289979852,0013019614
547922,20220626,01,08,20,38,41,48,35,0294121462,0010000000
548022,20220628,18,19,45,46,47,50,37,0297297492,0010000000
548122,20220629,09,14,18,37,38,42,19,0301108024,0010000000
548222,20220702,04,06,07,08,39,45,44,0305370502,0010000000
548322,20220703,05,07,20,28,36,48,50,0309625566,0010000000
548422,20220706,07,20,22,36,43,46,16,0313697128,0010000000
548522,20220709,24,29,32,37,45,48,09,0317977272,0010000000
548622,20220710,02,23,26,32,34,49,29,0322150122,0010000000
548722,20220713,02,17,32,33,36,50,24,0326247490,0010000000
548822,20220716,03,09,16,38,43,49,13,0330411122,0010000000
548922,20220717,04,18,23,44,48,50,29,0334607028,0010000000
549022,20220719,04,16,34,42,44,47,45,0337683112,0010000000
549122,20220720,08,19,26,39,42,44,50,0341434574,0010000000
549222,20220723,02,07,14,18,25,45,01,0345469396,0010000000
549322,20220724,02,12,30,34,36,43,33,0349501534,0010000000
549422,20220726,08,10,18,19,29,37,28,0352513444,0010721973
549522,20220727,04,11,17,19,33,44,32,0356156886,0011145469
549622,20220730,01,05,14,21,35,47,44,0360295724,0012180179
549722,20220731,19,23,31,34,42,44,26,0364503532,0013232131
549822,20220802,04,08,13,20,32,50,43,0367660224,0014021304
549922,20220803,03,10,37,40,44,48,32,0371408958,0014958488
550022,20220806,16,18,20,26,39,40,06,0375584448,0016002361
550122,20220807,01,08,15,17,29,40,31,0379837884,0017065720
550222,20220809,10,15,24,27,35,50,06,0382969056,0017848513
550322,20220810,23,25,26,29,34,42,16,0386730990,0018788997
550422,20220813,03,16,33,44,46,49,23,0390917216,0019835554
550522,20220814,02,14,19,23,27,30,32,0395098118,0020880780
550622,20220816,12,23,31,35,38,42,37,0398141862,0021641716
550722,20220817,07,09,26,32,38,47,01,0401898494,0022580874
550822,20220820,02,03,26,35,39,46,45,0405999756,0023606190
550922,20220821,08,13,22,24,32,43,31,0410286214,0024677805
551022,20220824,02,09,30,35,40,42,04,0414790076,0025803771
551122,20220827,12,15,23,31,33,43,20,0419295082,0026930023
551222,20220828,20,22,33,35,36,48,44,0423812606,0028059404
551322,20220831,01,06,23,33,46,48,28,0428567620,0029248158
551422,20220903,01,13,34,36,41,47,26,0433156336,0010000000
551522,20220904,04,13,28,38,44,50,25,0437678260,0010000000
551622,20220906,06,14,26,36,39,45,21,0441150080,0010000000
551722,20220907,10,23,29,36,48,50,44,0445256666,0010000000
551822,20220910,08,09,15,18,22,49,04,0449774718,0010000000
551922,20220911,14,28,29,31,38,42,46,0454335758,0010000000
552022,20220914,05,12,25,37,43,48,14,0458725396,0010000000
552122,20220917,11,22,30,32,35,36,28,0463670380,0010000000
552222,20220918,04,09,24,27,41,42,30,0468571584,0010000000
552322,20220921,05,12,15,27,34,42,20,0473409934,0010301485
552422,20220924,08,12,15,27,45,48,09,0478521106,0011579278
552522,20220925,02,03,05,15,30,49,24,0483672164,0010000000
552622,20220927,07,21,27,31,37,42,29,0487528060,0010000000
552722,20220928,08,14,15,18,27,40,48,0492030646,0010000000
552822,20221001,01,11,21,26,45,46,07,0496908420,0010386468
552922,20221002,01,11,30,36,42,47,38,0501844230,0011620421
553022,20221005,04,08,24,28,30,47,15,0506734456,0012842978
553122,20221008,05,06,18,28,34,46,09,0511829986,0014116861
553222,20221009,20,29,44,47,48,49,07,0516926660,0015391030
553322,20221012,02,18,20,33,36,41,04,0522047380,0016671210
553422,20221015,05,29,33,36,43,50,32,0527275240,0017978175
553522,20221016,10,25,30,41,46,47,31,0532511460,0019287230
553622,20221018,11,26,29,34,35,40,32,0536370326,0020251947
553722,20221019,06,08,11,19,39,46,21,0541003152,0021410154
553822,20221022,14,25,28,31,35,42,26,0546101872,0022684834
553922,20221023,03,04,21,34,37,49,17,0551404136,0024010400
554022,20221025,04,22,33,35,37,43,07,0555268348,0024976453
554122,20221026,14,30,40,42,48,49,02,0559893254,0026132680
554222,20221029,25,32,39,42,44,48,45,0565164080,0026703737
554322,20221030,01,02,18,28,32,41,20,0570460404,0028027818
554422,20221102,04,23,30,37,43,47,11,0575662854,0029328431
554522,20221105,05,07,11,17,21,34,38,0581017390,0030667065
554622,20221106,04,05,26,29,43,45,06,0586448310,0032024795
554722,20221109,04,11,21,22,34,44,30,0591731192,0033345516
554822,20221112,01,02,05,23,39,50,10,0597150540,0034700353
554922,20221113,01,03,23,32,47,48,22,0602546502,0036049344
555022,20221115,01,06,22,29,36,46,33,0606625522,0037069099
555122,20221116,11,13,16,17,25,28,50,0611444468,0038273836
555222,20221119,01,11,15,19,24,45,18,0617022370,0038574772
555322,20221120,16,18,20,31,37,41,38,0622116206,0038094831
555422,20221122,06,07,29,34,35,45,16,0625863994,0039031778
555522,20221123,02,11,16,20,33,38,48,0630497392,0040190128
555622,20221126,13,14,25,31,35,38,17,0635785202,0041512081
555722,20221127,05,07,16,18,22,40,15,0641044522,0042826911
555822,20221129,02,03,08,33,42,45,46,0645012794,0043818979
555922,20221130,03,04,08,19,42,45,50,0649831740,0045023716
556022,20221203,03,08,15,18,40,48,47,0655359944,0046405767
556122,20221204,17,19,21,30,39,43,28,0661047670,0047827699
556222,20221206,18,24,29,34,39,44,14,0665087486,0048837653
556322,20221207,01,03,08,09,23,47,21,0670015398,0050069631
556422,20221210,15,26,40,41,46,47,27,0675539048,0051450544
556522,20221211,08,13,17,18,25,29,02,0680947946,0052802769
556622,20221214,12,14,19,23,27,44,45,0686437584,0054175179
556722,20221217,04,08,14,31,35,45,16,0692043888,0010000000
556822,20221218,14,22,28,40,42,45,39,0697476766,0010000000
556922,20221220,18,30,32,33,40,47,37,0701756470,0010000000
557022,20221221,02,10,13,20,23,32,36,0706802610,0010000000
557122,20221224,04,17,18,26,32,41,19,0712633556,0010000000
557222,20221225,04,16,23,25,44,45,36,0718518512,0010000000
557322,20221227,15,26,29,34,40,48,41,0723200222,0010000000
557422,20221228,13,30,45,46,47,49,08,0728720616,0010570760
557522,20221231,13,32,35,43,46,49,06,0123559334,0011738394
557623,20230101,04,06,21,25,29,35,39,0127790264,0012796127
557723,20230104,01,06,14,31,38,42,10,0131512972,0013726804
557823,20230107,01,12,26,28,32,37,05,0135313494,0014676935
557923,20230108,04,09,23,25,30,41,32,0139156740,0015637747
558023,20230111,07,12,19,20,36,39,21,0142849374,0016114111
558123,20230114,02,10,28,33,37,41,12,0146690310,0017074345
558223,20230115,02,05,07,23,25,26,29,0150543962,0018037758
558323,20230118,06,08,26,38,39,45,19,0154519208,0019031570
558423,20230121,15,24,35,45,46,47,04,0159227230,0020208576
558523,20230122,05,35,37,41,46,47,40,0163765764,0021343210
558623,20230124,10,11,17,29,45,48,46,0167334758,0022235459
558723,20230125,01,02,07,18,33,47,42,0171374926,0023245501
558823,20230128,02,04,11,22,34,49,42,0175752156,0024339809
558923,20230129,16,17,25,36,41,43,44,0180117550,0025431158
559023,20230131,12,20,21,28,42,46,36,0183307660,0026228686
559123,20230201,13,14,21,30,34,47,25,0186983398,0027147621
559223,20230204,07,08,23,27,45,46,48,0191317904,0028231248
559323,20230205,30,33,35,39,40,43,07,0195776534,0029345906
559423,20230208,10,11,29,36,41,47,44,0199723906,0030332749
559523,20230211,07,08,13,19,22,39,40,0203869256,0031369087
559623,20230212,12,24,26,28,34,46,35,0207957296,0032391097
559723,20230215,10,14,29,37,38,45,24,0211932454,0033384887
559823,20230218,08,09,14,28,38,47,46,0216157664,0034441190
559923,20230219,05,15,19,27,39,49,48,0220322748,0035482461
560023,20230222,02,11,38,42,46,48,03,0224386060,0036498289
560123,20230225,07,08,09,23,39,47,35,0228489720,0037524204
560223,20230226,17,35,42,45,48,49,39,0232618350,0038556362
560323,20230301,03,21,23,31,45,46,34,0236736244,0039585836
560423,20230304,11,17,32,33,35,48,44,0240979802,0040646726
560523,20230305,01,02,23,34,39,44,37,0245145260,0041688091
560623,20230307,01,08,28,32,44,48,47,0248264442,0042467887
560723,20230308,08,11,19,21,26,37,34,0251946758,0043388466
560823,20230311,02,29,39,40,44,50,10,0256114306,0044430353
560923,20230312,01,03,14,20,25,49,47,0260121628,0045432184
561023,20230315,02,20,34,38,39,49,09,0263993320,0046400107
561123,20230318,01,27,30,36,41,44,07,0268421018,0045397932
561223,20230319,07,15,20,31,34,45,11,0272589534,0046440061
561323,20230322,06,11,23,28,37,42,12,0264077875,0047409755
561423,20230325,01,03,04,21,40,46,48,0268043705,0048401213
561523,20230326,01,09,21,23,43,48,13,0272108029,0049417294
561623,20230329,14,15,23,27,42,48,01,0275904943,0048954598
561723,20230401,03,04,18,27,34,49,10,0279983567,0049974254
561823,20230402,06,13,34,39,42,48,37,0284091165,0051001154
561923,20230405,02,04,45,47,48,50,26,0288074375,0051996957
562023,20230408,01,12,18,38,39,50,35,0292220275,0053033432
562123,20230409,05,19,30,36,38,43,07,0296385953,0054074852
562223,20230412,09,11,18,28,31,44,45,0300284837,0055049573
562323,20230415,03,07,12,22,24,28,36,0304482921,0056099094
562423,20230416,13,23,25,30,33,39,42,0308467099,0010000000
562523,20230419,19,29,35,37,42,45,28,0312267687,0010000000
562623,20230422,07,11,15,25,36,49,09,0316219701,0010000000
562723,20230423,05,06,11,15,16,31,46,0320070295,0010000000
562823,20230426,07,36,37,40,41,48,12,0309361217,0010000000
562923,20230429,04,11,24,34,40,46,09,0313267999,0010000000
563023,20230430,11,14,15,30,36,46,38,0317149173,0010000000
563123,20230503,22,24,31,45,47,50,19,0320960761,0010000000
563223,20230506,11,13,19,23,24,34,15,0324905339,0010000000
563323,20230507,01,06,09,17,38,41,20,0328901309,0010000000
563423,20230510,02,14,21,25,31,34,22,0332717077,0010000000
563523,20230513,07,08,10,11,15,25,01,0336568353,0010918259
563623,20230514,04,13,21,22,30,31,17,0340442267,0010000000
563723,20230517,06,13,19,37,38,41,36,0344185611,0010000000
563823,20230520,16,20,36,37,45,49,22,0348022257,0010000000
563923,20230521,01,13,26,37,39,41,42,0351847177,0010000000
564023,20230524,05,09,17,18,24,31,48,0355545663,0010000000
564123,20230527,01,13,14,29,32,41,22,0359349507,0010000000
564223,20230528,03,04,18,21,23,33,01,0363135157,0010000000
564323,20230530,02,14,18,21,22,49,32,0366164007,0010000000
564423,20230531,11,14,17,21,24,32,44,0369652767,0010000000
564523,20230603,17,30,32,34,36,47,14,0373516451,0010000000
564623,20230604,03,10,21,33,36,47,09,0377334617,0010000000
564723,20230607,12,15,18,36,44,50,16,0381037437,0010000000
564823,20230610,03,19,41,42,46,49,50,0384849113,0010000000
564923,20230611,01,02,03,13,24,33,48,0388728219,0010000000
565023,20230614,17,24,32,36,37,46,42,0392383871,0010000000
565123,20230617,15,27,29,32,39,46,35,0396209099,0010635933
565223,20230618,07,15,16,25,36,38,09,0400067019,0011600413
565323,20230621,03,04,12,26,31,35,11,0403848137,0012545693
565423,20230624,01,16,22,38,41,45,37,0407812427,0013536766
565523,20230625,13,15,16,25,30,35,08,0411786375,0014530253
565623,20230628,08,12,14,34,38,44,01,0415736717,0015517839
565723,20230701,05,09,16,31,44,46,35,0419878987,0016553407
565823,20230702,03,07,10,14,16,31,44,0423958117,0017573190
565923,20230704,03,11,16,22,26,34,49,0427188795,0018380860
566023,20230705,19,32,33,35,41,47,01,0430835471,0019292529
566123,20230708,03,19,32,37,38,45,46,0434838459,0019416341
566223,20230709,04,05,08,25,27,39,43,0438910901,0020434452
566323,20230712,10,21,23,25,36,44,32,0442781317,0021402056
566423,20230715,09,17,22,27,37,48,14,0446947391,0022443575
566523,20230716,03,14,15,22,31,35,18,0451088143,0023478763
566623,20230719,09,19,25,32,36,48,38,0455146681,0024493398
566723,20230722,01,14,20,21,33,41,35,0438627790,0025535797
566823,20230723,02,10,12,36,41,43,25,0442847060,0026590615
566923,20230726,02,22,26,30,33,34,24,0446881222,0027599156
567023,20230729,02,05,07,28,31,38,15,0451100866,0028654067
567123,20230730,07,08,10,13,35,44,26,0455367546,0029720737
567223,20230802,12,28,29,35,38,43,25,0459454530,0030742483
567323,20230805,01,02,06,07,13,34,24,0463783030,0031824608
567423,20230806,03,06,08,22,25,30,11,0468278180,0032948396
567523,20230809,19,20,28,31,33,49,45,0472469290,0010000000
567623,20230812,08,11,13,34,40,50,18,0476749148,0010000000
567723,20230813,01,19,20,31,34,46,39,0480954272,0010000000
567823,20230816,03,05,08,14,22,38,24,0484987642,0010000000
567923,20230819,03,05,15,20,48,49,40,0489228120,0010000000
568023,20230820,11,24,26,46,48,50,13,0493413202,0010000000
568123,20230823,03,11,12,24,28,29,38,0497538862,0010000000
568223,20230826,07,08,17,32,39,43,28,0501789482,0010000000
568323,20230827,03,06,33,34,38,44,28,0506031742,0010000000
568423,20230829,12,20,30,31,34,44,05,0509378910,0010275185
568523,20230830,22,23,28,29,34,49,33,0513332948,0011263695
568623,20230902,03,07,09,11,19,35,16,0517719330,0012360291
568723,20230903,03,07,12,15,17,45,47,0522121354,0013460797
568823,20230906,22,25,27,34,39,43,14,0526429878,0014537928
568923,20230909,02,08,15,21,38,48,18,0530912928,0015243321
569023,20230910,03,08,22,38,42,50,11,0535589732,0016412522
569123,20230913,07,13,15,18,29,32,26,0539794614,0010000000
569223,20230916,01,09,11,35,43,48,30,0544215118,0010000000
569323,20230917,04,09,11,15,22,31,24,0548538624,0010000000
569423,20230920,07,25,27,34,36,40,03,0552698252,0010000000
569523,20230923,05,07,21,26,39,48,40,0557190652,0010000000
569623,20230924,09,11,22,28,32,39,12,0561619978,0010000000
569723,20230927,25,32,39,43,45,50,15,0122550634,0010000000
569823,20230930,08,13,14,33,43,44,11,0126188356,0010000000
569923,20231001,02,14,16,17,26,34,15,0129858990,0010000000
570023,20231004,24,25,26,34,36,46,13,0133343438,0010121224
570123,20231007,02,20,23,28,33,43,07,0136957972,0011024858
570223,20231008,01,03,13,16,33,45,18,0140755348,0011974202
570323,20231011,20,26,32,37,40,47,36,0144275898,0012854340
570423,20231014,14,17,30,32,38,43,40,0147846696,0013747040
570523,20231015,10,13,15,16,42,49,25,0151364628,0014626523
570623,20231018,01,23,36,43,47,50,33,0154696946,0015459603
570723,20231021,03,14,19,24,28,43,26,0158219344,0016340203
570823,20231022,14,23,30,35,42,49,19,0161768494,0010000000
570923,20231025,01,15,18,33,38,48,49,0157836401,0010000000
571023,20231028,02,04,12,25,27,50,09,0161378445,0010000000
571123,20231029,11,23,28,31,32,46,42,0164998215,0010000000
571223,20231031,02,03,20,22,27,47,31,0167798837,0010000000
571323,20231101,18,24,29,33,45,49,21,0171013367,0010000000
571423,20231104,02,04,23,39,41,47,07,0174598487,0010000000
571523,20231105,24,29,30,39,42,50,26,0178184245,0010000000
571623,20231108,08,19,21,38,41,43,27,0181744329,0010000000
571723,20231111,09,16,22,27,32,40,14,0185832479,0010000000
571823,20231112,16,28,33,40,44,49,31,0189551711,0010000000
571923,20231115,15,25,30,42,43,47,28,0193103765,0010104838
572023,20231118,10,24,29,31,34,48,47,0196764015,0011019901
572123,20231119,01,15,19,25,34,48,40,0200415619,0011932802
572223,20231122,19,28,29,32,38,42,27,0203946927,0012815629
572323,20231125,02,20,34,40,44,49,07,0207653223,0013742203
572423,20231126,02,13,15,23,35,38,33,0211313561,0014657288
572523,20231129,01,08,09,26,31,50,15,0214913839,0015557358
572623,20231202,20,23,30,32,36,48,15,0218660285,0016493970
572723,20231203,06,11,27,29,31,37,16,0222439753,0017438837
572823,20231206,10,14,15,20,31,43,11,0226014687,0018332571
572923,20231209,13,14,19,31,36,40,05,0229706881,0019255620
573023,20231210,02,24,37,40,42,44,01,0233388317,0020175979
573123,20231213,01,29,33,35,40,44,48,0236876109,0021047927
573223,20231216,23,30,38,41,45,49,43,0240548129,0021965932
573323,20231217,01,06,09,36,42,49,26,0244260717,0022894079
573423,20231220,14,15,24,36,38,45,21,0247788769,0023776092
573523,20231223,04,07,10,25,29,41,33,0251473769,0024697342
573623,20231224,04,07,13,14,49,50,03,0255141125,0025614181
573723,20231226,08,11,29,34,39,41,19,0258109893,0026356373
573823,20231227,01,02,35,36,37,38,33,0261440979,0027189145
573923,20231230,06,10,27,33,41,47,46,0265195125,0028127682
574023,20231231,16,18,29,40,45,49,26,0269318805,0029158602
574124,20240103,01,13,35,47,49,50,48,0273117171,0030108194
574224,20240106,01,13,27,30,31,46,12,0277045315,0031090230
574324,20240107,22,31,33,39,40,47,13,0280946751,0032065589
574424,20240110,14,21,33,34,41,45,17,0284820005,0033033903
574524,20240113,14,15,19,29,38,39,11,0288782139,0034024437
574624,20240114,05,06,18,29,38,49,12,0292756593,0035018051
574724,20240117,07,13,20,31,33,44,02,0296650835,0035991612
574824,20240120,10,13,18,23,35,45,01,0300711419,0035370773
574924,20240121,07,18,24,29,42,47,05,0304814199,0036396468
575024,20240124,03,06,25,28,35,50,40,0308781855,0037388382
575124,20240127,04,15,20,29,34,35,45,0312951955,0038430907
575224,20240128,06,08,11,25,27,33,50,0317292819,0039516123
575324,20240131,21,30,36,48,49,50,29,0321522737,0040573603
575424,20240203,08,15,31,33,45,48,19,0325816081,0041646939
575524,20240204,09,18,24,32,39,44,19,0330268089,0042759941
575624,20240207,02,06,12,25,47,50,41,0334786537,0043889553
575724,20240210,03,08,24,25,36,49,46,0340248697,0045255093
575824,20240211,02,03,17,42,47,48,05,0345524583,0046574065
575924,20240213,07,15,29,37,43,49,36,0349908545,0047670056
576024,20240214,09,20,33,43,45,50,27,0354693435,0048866279
576124,20240217,14,15,17,19,38,44,48,0359656591,0050107068
576224,20240218,01,08,14,34,41,49,13,0364589387,0051340267
576324,20240220,01,02,11,20,44,48,38,0368325625,0050807462
576424,20240221,11,12,15,29,32,34,21,0372736031,0051910064
576524,20240224,23,30,32,34,44,47,26,0377765451,0053167419
576624,20240225,07,21,27,31,41,42,04,0382745107,0054412333
576724,20240228,06,31,34,43,46,49,27,0387413749,0055579494
576824,20240302,06,12,14,19,25,28,35,0392189333,0056773390
576924,20240303,14,16,21,26,34,42,09,0397027595,0057982956
577024,20240305,06,15,17,29,35,49,18,0400684017,0058897062
577124,20240306,05,22,23,24,47,50,10,0405031965,0059984049
577224,20240309,10,18,28,30,34,41,32,0409970283,0061218629
577324,20240310,08,09,13,16,20,32,15,0415021835,0062481517
577424,20240313,07,17,31,36,42,45,44,0419777619,0063670463
577524,20240316,14,16,18,36,38,41,20,0424841469,0064936426
577624,20240317,16,27,28,39,44,50,37,0429813315,0066179388
577724,20240320,15,30,36,44,48,50,05,0434645659,0067387474
577824,20240323,03,18,21,28,37,45,42,0439675937,0068645044
577924,20240324,13,26,32,40,45,47,36,0444900937,0069951294
578024,20240327,13,14,17,27,28,46,29,0450009315,0071228389
578124,20240330,10,16,17,29,30,39,47,0455429059,0072583325
578224,20240331,07,15,23,31,45,48,09,0460868669,0073943228
578324,20240403,03,13,19,26,28,40,18,0466168249,0075268123
578424,20240406,07,12,14,19,28,36,42,0471645787,0076637508
578524,20240407,14,19,22,29,45,47,36,0476959557,0010000000
578624,20240410,07,10,11,30,43,45,21,0482262041,0010000000
578724,20240413,02,03,13,29,42,44,48,0487576537,0010000000
578824,20240414,02,29,34,41,43,50,24,0492808841,0010000000
578924,20240417,12,13,16,18,20,46,23,0497780973,0010000000
579024,20240420,20,35,41,44,48,50,27,0502959289,0010000000
579124,20240421,07,08,19,22,23,29,18,0508159693,0010000000
579224,20240424,04,07,09,27,30,32,10,0513946595,0010000000
579324,20240427,05,35,39,40,46,50,11,0519733167,0010000000
579424,20240428,05,08,26,31,36,49,45,0525449053,0010000000
579524,20240501,05,08,23,35,36,46,48,0531460377,0010000000
579624,20240504,02,06,11,14,21,47,45,0123719120,0010000000
579724,20240505,04,25,27,39,45,49,29,0128436228,0010000000
579824,20240508,01,02,06,09,24,34,42,0132666784,0010000000
579924,20240511,15,29,33,35,41,45,10,0136875604,0010000000
580024,20240512,04,10,21,25,33,44,06,0141061764,0010000000
580124,20240515,12,16,26,34,47,48,41,0145002822,0010000000
580224,20240518,05,11,17,25,30,49,01,0149079224,0011016953
580324,20240519,05,10,25,37,42,50,48,0153122516,0010000000
580424,20240522,05,21,28,43,46,47,17,0157131356,0010000000
580524,20240525,09,21,23,24,37,41,40,0161081808,0010000000
580624,20240526,17,34,36,42,44,49,31,0165002714,0010000000
580724,20240528,28,33,36,44,47,50,10,0167949878,0010000000
580824,20240529,05,13,17,20,33,48,46,0171400248,0010000000
580924,20240601,03,07,25,46,47,49,08,0175205412,0010000000
581024,20240602,17,23,31,36,38,47,50,0178917824,0010000000
581124,20240605,02,08,30,32,42,45,33,0182687722,0010000000
581224,20240608,24,27,28,32,43,50,08,0186946636,0010000000
581324,20240609,17,18,28,34,40,44,39,0190799738,0010430131
581424,20240612,07,10,21,29,39,42,03,0194553180,0011368492
581524,20240615,04,05,06,14,30,35,08,0198410066,0012332714
581624,20240616,14,20,24,29,40,48,04,0202262948,0013295935
581724,20240619,02,19,27,30,34,37,41,0205990034,0014227707
581824,20240622,05,09,10,18,23,45,38,0209818650,0015184861
581924,20240623,22,27,31,36,37,48,40,0213657298,0016144523
582024,20240625,06,07,14,23,24,25,48,0216502866,0016855915
582124,20240626,02,15,20,22,34,41,42,0219873904,0017698675
582224,20240629,11,14,22,37,42,47,38,0223660368,0018645291
582324,20240630,18,31,32,33,44,46,25,0227455368,0019594041
582424,20240703,16,24,30,31,39,41,12,0220875408,0015189931
582524,20240706,03,04,12,36,47,49,06,0224752556,0016159218
582624,20240707,02,16,19,27,30,36,39,0228642398,0017131679
582724,20240710,04,07,20,41,46,50,40,0232420480,0018076200
582824,20240713,12,22,30,33,40,45,21,0236248634,0019033239
582924,20240714,02,23,29,31,38,44,04,0240119270,0010000000
583024,20240717,02,03,05,07,20,43,01,0243900212,0010000000
583124,20240720,10,15,18,19,25,45,38,0247763896,0010000000
583224,20240721,01,09,12,18,28,44,16,0251587144,0010000000
583324,20240724,10,22,24,32,41,43,03,0255307674,0010000000
583424,20240727,30,36,37,44,46,48,15,0259230186,0010000000
583524,20240728,04,11,17,25,29,50,03,0263048110,0010000000
583624,20240731,07,33,37,45,46,48,02,0266876462,0010000000
583724,20240803,09,14,26,31,33,39,24,0270712866,0010000000
583824,20240804,03,05,11,12,34,42,15,0274545200,0010000000
583924,20240807,04,06,17,30,33,48,26,0278233852,0010041756
584024,20240810,10,11,12,13,46,47,04,0282143582,0011019189
584124,20240811,02,22,34,35,44,50,17,0286026648,0011989956
584224,20240813,05,07,17,21,22,49,02,0288971326,0012726126
584324,20240814,10,12,31,35,37,39,21,0292453860,0013596760
584424,20240817,04,10,16,19,38,49,02,0296283708,0014554222
584524,20240818,05,11,12,42,43,48,39,0300181734,0015528729
584624,20240821,06,18,39,40,41,45,11,0304145166,0016519587
584724,20240824,01,05,12,23,31,42,09,0308340566,0017568437
584824,20240825,06,09,15,17,28,36,40,0312560672,0010000000
584924,20240828,01,10,21,32,41,42,39,0316681690,0010000000
585024,20240831,01,02,09,21,27,44,25,0320926172,0010000000
585124,20240901,01,06,10,17,21,35,27,0325144276,0010000000
585224,20240904,03,13,33,36,46,48,14,0320018645,0010000000
585324,20240907,01,14,16,27,37,46,49,0324224363,0010000000
585424,20240908,03,10,16,18,46,47,09,0328504089,0010000000
585524,20240911,14,26,30,33,38,39,04,0332493569,0010000000
585624,20240914,15,19,24,31,32,45,11,0336584711,0010000000
585724,20240915,08,11,12,23,24,35,21,0340592495,0010000000
585824,20240918,08,11,19,29,39,40,31,0313556716,0010000000
585924,20240921,06,07,19,34,39,40,22,0317595608,0010000000
586024,20240922,04,07,17,19,26,47,29,0321669370,0010000000
586124,20240925,02,08,29,31,33,50,38,0325536552,0010000000
586224,20240928,07,13,29,33,38,47,41,0329653896,0010450340
586324,20240929,08,15,29,31,36,49,26,0333734038,0011470376
586424,20241002,08,10,31,32,33,41,04,0337745826,0012473323
586524,20241005,07,09,17,23,27,48,42,0341859078,0013501636
586624,20241006,03,06,10,12,28,41,23,0346134822,0014570572
586724,20241009,01,06,15,29,38,43,18,0350204426,0010000000
586824,20241012,02,10,20,39,40,47,16,0354515040,0010000000
586924,20241013,01,08,10,13,45,50,35,0358824070,0010000000
587024,20241016,01,04,14,19,39,45,22,0363025476,0010000000
587124,20241019,06,12,25,32,40,43,34,0367386030,0010000000
587224,20241020,02,08,22,29,37,47,12,0371853944,0010000000
587324,20241023,07,08,35,42,43,48,38,0376245342,0010000000
587424,20241026,07,08,43,44,46,47,26,0380767134,0010000000
587524,20241027,03,12,15,17,29,42,11,0385273724,0010000000
587624,20241029,12,15,17,24,33,42,05,0388803294,0010000000
587724,20241030,02,07,14,26,39,50,49,0393014336,0010070518
587824,20241102,01,20,36,46,49,50,02,0397493294,0011190258
587924,20241103,07,08,14,35,42,43,01,0122901930,0012193541
588024,20241106,12,18,20,30,42,49,25,0126536154,0013102097
588124,20241109,14,17,21,31,37,45,32,0130355156,0014056848
588224,20241110,01,07,16,25,42,43,36,0134161002,0015008310
588324,20241113,06,11,20,24,29,42,09,0137843890,0015929032
588424,20241116,05,08,17,44,49,50,06,0141591678,0010000000
588524,20241117,12,13,15,19,35,36,24,0145330556,0010000000
588624,20241120,02,12,13,17,35,41,22,0149008164,0010000000
588724,20241123,12,18,19,21,43,44,15,0152766380,0010000000
588824,20241124,08,22,30,34,41,45,23,0156530536,0010000000
588924,20241127,08,15,20,34,38,42,33,0160199586,0010000000
589024,20241130,08,11,15,23,27,47,38,0164026574,0010000000
589124,20241201,04,09,15,26,30,50,24,0167935446,0010000000
589224,20241204,01,21,23,24,42,48,44,0171744020,0010000000
589324,20241207,02,04,14,24,40,49,48,0175694934,0010000000
589424,20241208,03,07,12,28,35,41,43,0179631922,0010000000
589524,20241211,01,19,34,38,42,43,27,0183518552,0010000000
589624,20241214,16,22,23,35,40,44,18,0187433254,0010000000
589724,20241215,02,07,11,13,25,39,12,0191400844,0010598173
589824,20241218,05,07,29,33,46,47,39,0195277288,0010603809
589924,20241221,06,24,25,43,47,50,17,0199374942,0011628223
590024,20241222,01,10,33,38,39,43,23,0203396410,0012633590
590124,20241225,01,12,17,19,33,41,42,0207614822,0013327233
590224,20241228,11,15,18,41,43,45,49,0212325176,0014504822
590324,20241229,03,18,26,30,36,50,35,0216757120,0015612808
590424,20241231,08,16,29,30,35,40,07,0220699432,0016598386
590525,20250101,01,07,19,24,32,35,48,0225082822,0017694234
590625,20250104,01,05,07,23,25,26,30,0229648548,0018835666
590725,20250105,03,11,16,24,33,40,42,0234315100,0020002304
590825,20250108,01,09,21,27,29,39,24,0239266442,0021240140
590925,20250111,06,08,15,28,42,44,03,0244603642,0022574440
591025,20250112,16,22,29,39,42,49,21,0250372768,0024016722
591125,20250115,25,39,40,44,48,50,30,0256850976,0025636274
591225,20250118,03,12,14,16,21,26,36,0266336056,0025676969
591325,20250119,03,04,17,28,37,44,23,0275477694,0027962379
591425,20250122,27,31,32,40,49,50,46,0282386420,0029689561
591525,20250125,08,12,16,19,43,45,27,0289327596,0031424855
591625,20250126,04,21,24,29,36,44,06,0296045142,0031675837
591725,20250128,10,25,29,31,33,42,20,0302464126,0033280583
591825,20250129,06,19,33,37,42,49,11,0309690444,0035087163
591925,20250201,11,22,30,36,42,43,21,0316720302,0035842133
592025,20250202,05,09,13,16,23,41,06,0323644978,0037573302
592125,20250204,06,15,25,34,40,43,37,0328762486,0038852679
592225,20250205,03,06,26,34,44,46,30,0334691068,0040334825
592325,20250208,06,07,22,26,30,43,28,0341098876,0040784352
592425,20250209,05,13,20,31,36,49,41,0347305934,0042336117
592525,20250211,08,19,31,32,39,44,05,0352206588,0043561281
592625,20250212,02,11,13,14,16,22,34,0358027392,0045016482
592725,20250215,08,19,20,28,31,46,44,0363785408,0046455986
592825,20250216,19,20,31,33,38,43,10,0369616706,0047913811
592925,20250219,05,16,27,32,39,50,47,0375123856,0049290599
593025,20250222,08,11,25,27,33,42,50,0380773698,0050703060
593125,20250223,03,21,27,31,35,37,14,0386433506,0047508642
593225,20250226,07,15,22,35,36,39,45,0391892278,0048873335
593325,20250301,08,19,25,37,39,40,41,0397700300,0050325341
593425,20250302,10,12,28,32,39,46,30,0403495232,0051774074
593525,20250305,01,14,16,36,38,42,02,0408998334,0053149850
593625,20250308,01,09,16,29,36,50,02,0414350692,0010000000
593725,20250309,03,07,26,27,45,50,48,0419661778,0010000000
593825,20250312,12,21,37,44,48,50,23,0424619060,0010000000
593925,20250315,12,19,28,29,40,44,03,0429722642,0010000000
594025,20250316,13,37,41,46,47,48,02,0434791508,0010000000
594125,20250319,23,25,35,37,43,47,09,0439544234,0010000000
594225,20250322,01,05,12,32,33,43,26,0444551544,0010000000
594325,20250323,04,23,25,30,35,36,29,0449376298,0010094495
594425,20250326,01,05,09,21,40,49,50,0454294794,0011324119
594525,20250329,07,12,24,30,43,44,45,0459419716,0012605350
594625,20250330,12,18,23,37,41,42,31,0464620164,0013905462
594725,20250402,15,23,24,41,47,49,17,0469613856,0015153885
594825,20250405,06,12,26,30,37,40,10,0474695152,0016424209
594925,20250406,02,07,30,43,46,50,25,0479827620,0017707326
595025,20250409,02,08,09,10,25,28,18,0484720442,0018930532
595125,20250412,01,07,25,41,43,44,28,0489781608,0010000000
595225,20250413,02,04,18,21,36,49,35,0494893638,0010000000
595325,20250416,01,06,24,25,33,50,02,0499653030,0010000000
595425,20250419,05,11,20,22,35,48,30,0504830400,0010000000
595525,20250420,01,05,14,17,27,32,35,0509843144,0010000000
595625,20250423,09,13,18,35,39,41,40,0514731720,0010000000
595725,20250426,15,17,21,23,27,37,30,0520258538,0010000000
595825,20250427,02,07,42,44,49,50,29,0525492448,0010000000
595925,20250429,02,09,23,26,41,44,05,0529418766,0010434319
596025,20250430,19,26,31,46,47,49,50,0534191380,0010000000
596125,20250503,04,24,29,31,32,40,15,0539304334,0010000000
596225,20250504,09,15,18,33,38,42,39,0544428090,0010000000
596325,20250507,03,08,19,20,35,49,17,0549433860,0010000000
596425,20250510,02,04,06,25,40,50,41,0554607138,0010000000
596525,20250511,12,27,32,41,45,49,20,0559702558,0010000000
596625,20250514,03,06,18,19,31,42,32,0564927052,0010000000
596725,20250517,10,19,25,40,44,46,17,0569988724,0010142492
596825,20250518,06,13,23,36,45,48,04,0575073100,0011413586
596925,20250521,09,11,19,28,45,50,15,0580011396,0010000000
597025,20250524,20,26,28,29,40,49,36,0585182694,0010000000
597125,20250525,03,06,16,39,40,47,20,0590432620,0010000000
597225,20250527,12,16,34,35,36,42,39,0594375614,0010000000
597325,20250528,14,30,38,40,45,49,28,0599005668,0010000000
597425,20250531,01,02,16,19,35,39,10,0604154460,0010000000
597525,20250601,07,13,32,42,43,47,25,0609479032,0010000000
597625,20250604,01,11,22,26,32,35,34,0614779404,0010000000
597725,20250607,02,04,10,12,39,43,17,0620424670,0011337895
597825,20250608,04,22,24,30,34,36,21,0625946692,0012718401
597925,20250611,12,25,28,37,41,42,35,0631264642,0014047889
598025,20250614,01,05,30,41,45,49,24,0636400828,0015331936
598125,20250615,02,14,26,30,34,39,17,0642069370,0016749072
598225,20250618,02,10,25,41,42,46,35,0647527636,0018113639
598325,20250621,08,14,18,24,27,32,38,0653252476,0019544849
598425,20250622,12,26,31,35,40,43,08,0658998678,0020981400
598525,20250625,06,13,20,23,44,50,41,0664764988,0022422978
598625,20250628,12,35,38,42,47,50,14,0670640968,0023891973
598725,20250629,13,17,40,42,44,45,18,0676567988,0025373728
598825,20250702,04,09,17,35,38,39,29,0682432616,0026839885
598925,20250705,08,16,23,26,40,45,37,0688407640,0028333641
599025,20250706,16,32,34,36,40,43,27,0694397976,0029831225
599125,20250709,01,08,09,20,32,39,15,0700963722,0031472662
599225,20250712,21,23,32,33,37,47,39,0707960052,0033221745
599325,20250713,13,27,31,41,43,49,08,0715037188,0034991029
599425,20250716,17,23,26,37,41,42,32,0721990882,0010000000
599525,20250719,04,08,17,31,32,50,24,0729087422,0010000000
599625,20250720,05,25,34,35,44,46,21,0736407240,0010000000
599725,20250723,02,09,30,34,37,43,13,0743621172,0010000000
599825,20250726,01,04,18,32,37,40,02,0750995132,0010000000
599925,20250727,01,07,12,16,46,50,32,0758360776,0010000000
600025,20250729,09,23,26,27,46,49,05,0764295782,0011405550
600125,20250730,03,06,23,30,41,50,09,0771237530,0012296677
600225,20250802,04,14,21,24,31,33,47,0779172138,0014280329
600325,20250803,04,06,11,27,30,38,17,0787365620,0015920690
600425,20250806,04,09,12,22,28,50,40,0795300426,0017904392
600525,20250809,04,24,32,43,45,48,22,0803651780,0019992231
600625,20250810,04,05,23,24,35,36,32,0812222914,0022135015
600725,20250813,17,23,30,34,38,40,21,0820686688,0024250959
600825,20250816,12,24,25,28,34,42,02,0829617016,0026483541
600925,20250817,09,14,16,17,19,30,10,0838701630,0028754695
601025,20250820,08,20,23,27,39,47,09,0847738196,0031013837
601125,20250823,03,07,08,12,26,37,23,0859664638,0033995448
601225,20250824,03,04,10,13,42,49,22,0871560720,0035350634
601325,20250827,06,12,25,35,38,43,02,0883833398,0038418804
601425,20250830,17,21,26,28,34,38,25,0896704454,0010000000
601525,20250831,09,16,20,31,33,47,12,0909596608,0010000000
601625,20250903,05,16,26,29,34,47,07,0922805518,0010000000
601725,20250906,09,11,13,16,21,33,35,0936090416,0013064256
601825,20250907,14,32,33,36,45,48,01,0949797846,0016491114
601925,20250910,12,23,33,39,40,46,26,0962810340,0010000000
602025,20250913,02,15,20,24,39,43,36,0975920206,0010000000
602125,20250914,02,08,29,34,39,42,47,0988892902,0010000000
602225,20250917,03,23,26,29,37,38,08,1001614490,0012668447
602325,20250920,17,28,29,35,46,47,36,1015477086,0010000000
602425,20250921,13,21,31,34,41,42,23,1029610590,0010000000
602525,20250924,14,28,33,39,46,48,04,1043324840,0010000000
602625,20250927,08,14,20,21,26,34,12,1057329754,0012640932
602725,20250928,18,29,33,35,41,43,22,1071651006,0015860075
602825,20251001,07,19,21,25,37,48,45,1085822350,0019402911
602925,20251004,04,06,10,13,25,39,50,1069173836,0019116065
603025,20251005,14,16,24,40,42,49,05,1083476410,0013133674
603125,20251008,04,07,16,23,31,40,48,1097404654,0016615735
603225,20251011,01,05,09,40,42,50,21,1111441490,0010000000
603325,20251012,01,13,19,27,30,34,02,1125630632,0010000000
603425,20251015,09,16,17,25,34,45,26,1139138258,0010000000
603525,20251018,01,11,24,36,38,44,45,1153057746,0013004174
603625,20251019,05,11,16,26,27,39,24,1114659200,0015916365
603725,20251022,12,15,21,39,40,43,31,1128010230,0019254123
603825,20251025,02,17,19,22,23,24,46,1141774200,0022695116
603925,20251026,18,23,25,37,39,44,31,1155506248,0025096528
604025,20251028,11,14,28,29,35,49,03,1113540383,0027735813
604125,20251029,03,12,29,35,44,46,42,1125998433,0030850326
604225,20251101,03,29,38,39,42,43,27,1139174387,0034144315
604325,20251102,03,07,13,17,39,41,40,1152344511,0010000000
604425,20251105,02,16,17,41,43,45,28,1165029183,0010000000
604525,20251108,22,25,26,40,44,48,45,1177846713,0010000000
604625,20251109,03,14,15,16,18,20,13,1191319183,0013036200
604725,20251112,06,08,11,22,27,34,16,1203802445,0010000000
604825,20251115,02,16,20,33,38,50,10,1216441269,0010000000
604925,20251116,04,06,09,22,27,46,35,1194138650,0010000000
605025,20251119,11,22,28,30,47,48,42,1206564602,0012214504
605125,20251122,06,15,19,26,44,48,25,1219181844,0015368815
605225,20251123,06,14,25,38,42,46,10,1231325426,0018404711
605325,20251126,05,08,18,27,31,49,34,1244209792,0021099953
605425,20251129,02,11,15,18,34,43,03,1257327490,0024379378
605525,20251130,01,04,30,38,46,50,20,1270876344,0026658437
605625,20251203,02,07,17,27,40,45,21,1283369858,0028570066
605725,20251206,01,09,20,24,44,47,31,1296260230,0031792659
605825,20251207,03,13,20,22,39,41,49,1191166388,0021904716
605925,20251210,10,16,26,36,42,44,14,1203623228,0024023256
606025,20251213,12,13,16,26,39,48,09,1216194996,0023203908
606125,20251214,09,16,22,38,42,48,49,1228783990,0024633462
606225,20251217,15,16,23,32,42,45,12,1241093848,0027710927
606325,20251220,05,08,09,15,17,38,26,1253906560,0028394925
606425,20251221,02,20,28,29,30,38,36,1267251144,0026568351
606525,20251224,05,10,16,25,30,41,34,1280512634,0029883724
606625,20251227,11,14,18,22,24,46,38,1293826902,0033212291
606725,20251228,01,07,28,38,41,49,16,1307123570,0030497858
606825,20251230,10,14,21,44,45,48,06,1317813568,0033170358
606925,20251231,12,14,20,21,32,48,34,1331354876,0033540195
607026,20260103,11,14,20,32,38,48,19,1344913784,0033880812
607126,20260104,01,02,22,35,36,40,46,1358574420,0035755931
607226,20260107,10,11,17,19,25,33,24,1371444794,0038973525
607326,20260110,11,22,39,41,45,49,17,1260112600,0042309677
607426,20260111,01,02,04,41,46,48,11,1273420950,0045636765
607526,20260114,21,24,29,36,37,39,23,0126196694,0047463739
607626,20260117,04,07,10,30,36,50,05,0132267880,0045467981
607726,20260118,05,24,26,31,33,46,22,0138097374,0046925355
607826,20260121,13,17,23,30,33,45,05,0143353262,0010000000
607926,20260124,07,16,20,33,44,50,12,0148577888,0010000000
608026,20260125,02,04,08,09,31,45,48,0153670052,0010000000
608126,20260127,18,23,25,29,41,49,40,0157348012,0010000000
608226,20260128,06,21,28,40,43,48,04,0161822350,0010000000
608326,20260131,05,09,12,14,18,34,46,0166878412,0010000000
608426,20260201,04,09,10,13,20,29,07,0171899472,0010000000
608526,20260204,06,08,11,29,46,50,28,0177009258,0010000000
608626,20260207,01,05,21,41,44,46,02,0182191424,0010000000
608726,20260208,02,17,19,28,36,41,38,0187455936,0010000000
608826,20260210,01,11,29,43,46,47,38,0191164806,0010000000
608926,20260211,19,27,29,30,33,40,03,0195833800,0010086390
609026,20260214,05,18,20,40,46,48,04,0201263576,0011443834
609126,20260215,10,21,35,41,42,47,12,0206994554,0012876579
609226,20260217,06,12,15,23,34,42,22,0212233150,0013818323
609326,20260218,03,22,32,37,39,48,14,0217972532,0015253169
609426,20260221,01,11,12,17,19,26,43,0223810056,0015441450
609526,20260222,20,21,23,26,34,49,12,0124422988,0016824997
609626,20260225,04,05,06,09,12,13,20,0129463430,0018085108
609726,20260228,03,19,26,30,41,45,16,0134681544,0019389637
609826,20260301,06,12,13,43,47,49,41,0139864744,0020685437
609926,20260304,05,15,34,38,40,48,02,0144762802,0021909952
610026,20260307,02,05,10,25,28,47,26,0149762280,0023159822
